0000000123000140000010537
0000000124000140000013445
0000000125000130000005986
0000000126000120000019907
0000000127000140000019412
0000000128000070000019638
0000000129000090000010842
0000000130000040000011007
0000000131000050000016197
0000000132000120000010029
0000000133000160000010027
0000000134000060000005685
0000000135000020000011814
0000000136000010000009439
0000000137000140000000975
0000000138000110000000350
0000000139000170000012503
0000000140000080000010411
0000000141000080000011917
0000000142000150000002593
0000000143000030000007983
0000000144000050000000243
0000000145000170000016451
0000000146000140000019140
0000000147000180000012430
0000000148000150000012773
0000000149000080000002187
0000000150000190000006109
0000000151000030000004323
0000000152000120000008160
0000000153000150000014521
0000000154000070000012927
0000000155000110000010524
0000000156000150000000568
0000000157000160000014107
0000000158000140000003187
0000000159000030000001931
0000000160000050000002198
0000000161000080000011227
0000000162000040000007546
0000000163000180000016540
0000000164000170000002394
0000000165000110000009332
0000000166000070000003639
0000000167000080000014849
0000000168000070000009243
0000000169000180000017528
0000000170000070000003969
0000000171000110000004664
0000000172000140000011606
